forcing_file=BMI
soil_params.depth=2.0[m]
soil_params.b=8.702563285827637[]
soil_params.satdk=2.8233530594755573e-06[m s-1]
soil_params.satpsi=0.04789000065532235[m]
soil_params.slop=0.02202019467949867[m/m]
soil_params.smcmax=0.4297621250152588[m/m]
soil_params.wltsmc=0.04699999839067459[m/m]
refkdt=3.0
soil_params.expon=1.0[]
soil_params.expon_secondary=1.0[]
max_gw_storage=14.635662079[m]
Cgw=0.005[m h-1]
expon=5.0[]
gw_storage=0.5[m/m]
alpha_fc=0.33[]
soil_storage=0.667[m/m]
K_nash=0.03[]
K_lf=0.01[]
nash_storage=0.0,0.0
giuh_ordinates=0.06,0.51,0.28,0.12,0.03
num_timesteps=1
verbosity=0
surface_partitioning_scheme=Schaake
