forcing_file=BMI
soil_params.depth=2.0[m]
soil_params.b=9.829256057739258[]
soil_params.satdk=3.144828515255043e-06[m s-1]
soil_params.satpsi=0.20661806503639493[m]
soil_params.slop=0.017235760290649806[m/m]
soil_params.smcmax=0.4366824591699319[m/m]
soil_params.wltsmc=0.06599999964237213[m/m]
refkdt=3.0
soil_params.expon=1.0[]
soil_params.expon_secondary=1.0[]
max_gw_storage=nan[m]
Cgw=nan[m h-1]
expon=nan[]
gw_storage=0.5[m/m]
alpha_fc=0.33[]
soil_storage=0.667[m/m]
K_nash=0.03[]
K_lf=0.01[]
nash_storage=0.0,0.0
giuh_ordinates=0.06,0.51,0.28,0.12,0.03
num_timesteps=1
verbosity=0
surface_partitioning_scheme=Schaake
