forcing_file=BMI
soil_params.depth=2.0[m]
soil_params.b=7.542098522186279[]
soil_params.satdk=4.588254291262955e-06[m s-1]
soil_params.satpsi=0.10629770043983998[m]
soil_params.slop=0.05506374241413567[m/m]
soil_params.smcmax=0.49601454055866134[m/m]
soil_params.wltsmc=0.06346089776055008[m/m]
refkdt=3.0
soil_params.expon=1.0[]
soil_params.expon_secondary=1.0[]
max_gw_storage=nan[m]
Cgw=nan[m h-1]
expon=nan[]
gw_storage=0.5[m/m]
alpha_fc=0.33[]
soil_storage=0.667[m/m]
K_nash=0.03[]
K_lf=0.01[]
nash_storage=0.0,0.0
giuh_ordinates=0.06,0.51,0.28,0.12,0.03
num_timesteps=1
verbosity=0
surface_partitioning_scheme=Schaake
